[ASSETS]
#id_tex	path
100	textures\animation\mario.txt
000	textures\animation\brick_question.txt
200	textures\animation\item.txt
300	textures\animation\goomba.txt
300	textures\animation\para_goomba.txt
300	textures\animation\koopa_para_tropa.txt
300	textures\animation\koopa_tropa.txt
300	textures\animation\venus_fire_trap.txt
300	textures\animation\piranha_plant.txt
400	textures\animation\firer.txt
500	textures\animation\particles.txt
000	textures\animation\brick_p.txt
600	textures\animation\hub.txt
700	textures\animation\tree.txt

[OBJECTS]
#bg
6	0	0	textures\world1-1\bg.txt

#cam
7	0	0	textures\world1-1\camera.txt

#plat_form
5	240	368	48	48
5	272	336	48	80
5	512	304	64	112
5	464	336	64	80
5	400	368	80	48
5	512	384	96	32
5	1328	320	112	96
5	1296	352	112	64
5	1264	384	112	32
5	1312	144	64	32
5	2176	272	48	144
5	2144	368	48	48
5	1408	192	64	16
5	1488	176	208	16

#mario
0	0	350

#brick
1	0	416	624	16
1	624	400	464	32
1	352	368	32	48
1	1152	416	352	16
1	1536	416	80	16
1	1664	416	576	16
1	2256	416	560	16
1	1504	336	32	16
1	1568	400	48	16
1	1584	384	32	16
1	1600	368	16	16
1	1664	400	48	16
1	1664	384	32	16
1	1664	368	16	16
1	1792	384	32	32
1	1856	368	32	48
1	2256	112	32	208
1	2256	368	32	48
1	2320	384	32	32
1	1968	464	128	192
1	2096	624	384	32
1	2224	608	256	16
1	2240	592	240	16
1	2256	576	224	16
1	2272	560	208	16
1	2288	544	192	16
1	2304	528	176	16
1	2352	464	128	64
1	2128	464	192	16
1	2096	464	32	32
1	2320	464	32	32

#brick_question
#type_obj	x	y	type_item	skin
8	176	352	leaf	question
8	192	352	coin_brick	question
8	224	304	coin_brick	question
8	240	304	mushroom_red	question
8	416	320	coin_brick	question
8	656	384	leaf	question
8	704	352	coin_brick	question
8	1472	368	coin_brick	question
8	2032	368	p	brick
8	1440	128	mushroom_green	brick

#item
#type_obj	x	y	type

#goomba
2	224	400
2	528	400
2	832	384
2	880	384

#koopa_para_tropa
11	530	350	6901
11	2096	350	6901

#para_goomba
12	944	374

#koopa
3	1328	293	7905
3	1376	293	7905
3	1424	293	7905
3	1472	380	7901

#venus_fire_trap
13	360	336	8100	32
13	1864	336	8101	24

#piranha_plant
14	1800	352	9101	24

#brick_coin
356	1072	320	0
356	1104	288	0
356	1136	256	0
356	1168	224	0
356	1200	192	0
356	1328	80	0
356	1344	80	0
356	1360	80	0
356	1472	112	0
356	1488	112	0
356	1536	128	0
356	1552	128	0
356	1568	128	0
356	1584	128	0
356	1616	112	0
356	1632	112	0
356	1648	112	0
356	1664	112	0
356	1696	144	0
356	1728	112	0
356	1760	128	0
356	1808	96	0
356	1840	128	0
356	2176	504	0
356	2192	488	0
356	2208	488	0
356	2224	504	0
356	2224	520	0
356	2208	536	0
356	2192	536	0
356	2224	552	0
356	2224	568	0
356	2176	568	0
356	2208	584	0
356	2192	536	0
356	1968	384	1
356	1984	384	1
356	2000	384	1
356	2016	384	1
356	2032	384	1
356	1952	400	1
356	1968	400	1
356	1984	400	1
356	2000	400	1
356	2016	400	1
356	2032	400	1
356	2048	400	1
356	2096	384	1
356	2096	400	1
356	2112	400	1
356	1984	368	1
356	2000	368	1
356	2016	368	1

#portal_in_small
#id	x	y	w	h	direction	cx	cy	camera_bound
51	2264	118	6	33	1	2108	464	1
51	2328	475	5	34	-1	2332	384	0

#portal_out_small
#id	x	y	w	h	direction
52	2104	472	2	32	1
52	2328	392	3	32	-1

#tree
16	352	368	14001	32	48
16	1792	384	14000	32	32
16	1856	369	14001	32	48
16	2256	112	14001	32	48
16	2320	384	14000	32	32
16	2320	464	14002	32	32
16	2096	464	14002	32	32

#obj_death
-1	0	432	2256	16