#x	y	left	top
0	416	0	34
16	416	17	34
32	416	17	34
48	416	17	34
64	416	17	34
80	416	17	34
96	416	17	34
112	416	17	34
128	416	17	34
144	416	17	34
160	416	17	34
176	416	17	34
192	416	17	34
208	416	17	34
224	416	17	34
240	416	17	34
256	416	17	34
272	416	17	34
288	416	17	34
304	416	17	34
320	416	17	34
336	416	17	34
352	416	17	34
368	416	17	34
384	416	17	34
400	416	17	34
416	416	17	34
432	416	17	34
448	416	17	34
464	416	17	34
480	416	17	34
496	416	17	34
512	416	17	34
528	416	17	34
544	416	17	34
560	416	17	34
576	416	17	34
592	416	17	34
608	416	34	34
624	400	0	34
640	400	17	34
656	400	17	34
672	400	17	34
688	400	17	34
704	400	17	34
720	400	17	34
736	400	17	34
752	400	17	34
768	400	17	34
784	400	17	34
800	400	17	34
816	400	17	34
832	400	17	34
848	400	17	34
864	400	17	34
880	400	17	34
896	400	17	34
912	400	17	34
928	400	17	34
944	400	17	34
960	400	17	34
976	400	17	34
992	400	17	34
1008	400	17	34
1024	400	17	34
1040	400	17	34
1056	400	17	34
1072	400	34	34
624	416	0	51
640	416	17	51
656	416	17	51
672	416	17	51
688	416	17	51
704	416	17	51
720	416	17	51
736	416	17	51
752	416	17	51
768	416	17	51
784	416	17	51
800	416	17	51
816	416	17	51
832	416	17	51
848	416	17	51
864	416	17	51
880	416	17	51
896	416	17	51
912	416	17	51
928	416	17	51
944	416	17	51
960	416	17	51
976	416	17	51
992	416	17	51
1008	416	17	51
1024	416	17	51
1040	416	17	51
1056	416	17	51
1072	416	34	51
1152	416	0	34
1168	416	17	34
1184	416	17	34
1200	416	17	34
1216	416	17	34
1232	416	17	34
1248	416	17	34
1264	416	17	34
1280	416	17	34
1296	416	17	34
1312	416	17	34
1328	416	17	34
1344	416	17	34
1360	416	17	34
1376	416	17	34
1392	416	17	34
1408	416	17	34
1424	416	17	34
1440	416	17	34
1456	416	17	34
1472	416	17	34
1488	416	34	34
1536	416	0	34
1552	416	17	34
1568	416	17	34
1584	416	17	34
1600	416	34	34
1664	416	0	34
1680	416	17	34
1696	416	17	34
1712	416	17	34
1728	416	17	34
1744	416	17	34
1760	416	17	34
1776	416	17	34
1792	416	17	34
1808	416	17	34
1824	416	17	34
1840	416	17	34
1856	416	17	34
1872	416	17	34
1888	416	17	34
1904	416	17	34
1920	416	17	34
1936	416	17	34
1952	416	17	34
1968	416	17	34
1984	416	17	34
2000	416	17	34
2016	416	17	34
2032	416	17	34
2048	416	17	34
2064	416	17	34
2080	416	17	34
2096	416	17	34
2112	416	17	34
2128	416	17	34
2144	416	17	34
2160	416	17	34
2176	416	17	34
2192	416	17	34
2208	416	17	34
2224	416	34	34
2256	416	0	34
2272	416	17	34
2288	416	17	34
2304	416	17	34
2320	416	17	34
2336	416	17	34
2352	416	17	34
2368	416	17	34
2384	416	17	34
2400	416	17	34
2416	416	17	34
2432	416	17	34
2448	416	17	34
2464	416	17	34
2480	416	17	34
2496	416	17	34
2512	416	17	34
2528	416	17	34
2544	416	17	34
2560	416	17	34
2576	416	17	34
2592	416	17	34
2608	416	17	34
2624	416	17	34
2640	416	17	34
2656	416	17	34
2672	416	17	34
2688	416	17	34
2704	416	17	34
2720	416	17	34
2736	416	17	34
2752	416	17	34
2768	416	17	34
2784	416	17	34
2800	416	34	34
16	400	51	85
32	400	85	68
48	400	85	68
64	400	85	68
80	400	51	102
96	400	68	102
112	400	85	68
128	400	68	85
16	384	51	85
32	384	51	102
48	384	68	102
64	384	85	68
80	384	68	85
96	384	51	85
112	384	51	102
128	384	68	68
16	368	51	68
32	368	68	102
48	368	68	85
64	368	51	68
80	368	68	68
96	368	51	68
112	368	68	68
32	352	51	68
48	352	68	68
160	400	85	85
176	400	85	85
192	400	85	85
240	400	0	153				
256	400	17	153				
272	400	34	153				
288	400	68	153	
288	400	221	119
304	400	85	153				
320	400	221	119				
240	384	0	136				
256	384	17	136				
272	384	34	136				
288	384	68	136	
288	384	221	119
304	384	85	136				
320	384	221	119				
240	368	0	119				
256	368	17	119				
272	368	34	119				
288	368	68	136	
288	368	221	102
304	368	85	136				
320	368	221	119				
272	352	51	136				
288	352	68	136				
304	352	85	136				
320	352	221	119				
272	336	51	119				
288	336	68	119				
304	336	85	119				
320	336	221	102
352	400	0	17
368	400	17	17
352	384	0	17
368	384	17	17
352	368	0	0
368	368	17	0
400	400	102	153				
416	400	119	153				
432	400	119	153				
448	400	119	153				
464	400	136	153				
480	400	17	153	
480	400	221	119
496	400	17	153				
512	400	102	153				
528	400	119	153				
544	400	119	153				
560	400	119	153				
576	400	119	153				
592	400	136	153				
608	400	221	119				
400	384	102	136
416	384	119	136
432	384	119	136
448	384	119	136
464	384	136	136
480	384	17	136
480	384	221	119
496	384	17	136
512	384	102	119
528	384	119	119
544	384	119	119				
560	384	119	119
576	384	119	119
592	384	136	119				
608	384	221	102
400	368	102	119				
416	368	119	119
432	368	119	119				
448	368	119	119
464	368	136	119				
480	368	17	136	
480	368	221	102
496	368	17	136
512	368	34	136
528	368	170	136
528	368	221	119
544	368	170	136
560	368	187	136
576	368	221	119				
464	352	0	136
480	352	17	136
496	352	17	136
512	352	34	136				
528	352	170	136
528	352	221	119
544	352	170	136
560	352	187	136
576	352	221	119
464	336	0	119
480	336	17	119
496	336	17	119				
512	336	34	119
528	336	170	136
528	336	221	102
544	336	170	136
560	336	187	136
576	336	221	119
512	320	153	136
528	320	170	136
544	320	170	136
560	320	187	136
576	320	221	119
512	304	153	119
528	304	170	119
544	304	170	119
560	304	187	119
576	304	221	102
672	384	85	85
688	384	85	85
704	384	85	85
720	384	85	85
736	384	85	85
752	384	85	85
816	384	51	68
832	384	85	68
848	384	85	68
864	384	85	68
880	384	85	68
896	384	85	68
912	384	85	68
928	384	68	85
832	368	51	85
848	368	51	102
864	368	68	102
880	368	51	102
896	368	68	102
912	368	85	68
928	368	68	85
832	352	51	68
848	352	68	68
864	352	51	68
880	352	68	102
896	352	68	85
912	352	51	68
928	352	68	68
880	336	51	68
896	336	68	68
944	384	51	68
960	384	68	102
976	384	85	68
992	384	68	85
960	368	51	85
976	368	51	102
992	368	68	68
960	352	51	68
976	352	68	68
1040	384	85	85
1056	384	85	85
1184	400	85	85
1200	400	85	85
1216	400	85	85
1264	400	102	153				
1280	400	119	153				
1296	400	119	153				
1312	400	119	153				
1328	400	119	153				
1344	400	119	153				
1360	400	136	153				
1376	400	17	153	
1376	400	221	119
1392	400	34	153				
1408	400	68	153	
1408	400	221	119
1424	400	85	153				
1440	400	221	119				
1264	384	102	119				
1280	384	119	119				
1296	384	119	119				
1312	384	119	119				
1328	384	119	119				
1344	384	119	119				
1360	384	136	119				
1376	384	17	136	
1376	384	221	102
1392	384	34	136				
1408	384	68	136	
1408	384	221	119
1424	384	85	136				
1440	384	221	119				
1296	368	0	136				
1312	368	17	136				
1328	368	17	136				
1344	368	17	136				
1360	368	17	136				
1376	368	17	136				
1392	368	34	136				
1408	368	68	136	
1408	368	221	119
1424	368	85	136				
1440	368	221	119				
1296	352	0	119				
1312	352	17	119				
1328	352	17	119				
1344	352	17	119				
1360	352	17	119				
1376	352	17	119				
1392	352	34	119				
1408	352	68	136	
1408	352	221	102
1424	352	85	136				
1440	352	221	119				
1328	336	51	136				
1344	336	68	136				
1360	336	68	136				
1376	336	68	136				
1392	336	68	136				
1408	336	68	136				
1424	336	85	136				
1440	336	221	119				
1328	320	51	119				
1344	320	68	119				
1360	320	68	119				
1376	320	68	119				
1392	320	68	119				
1408	320	68	119				
1424	320	85	119				
1440	320	221	102				
1312	175	204	153
1328	175	221	153
1344	175	221	153
1360	175	221	153
1376	175	221	136
1312	159	0	153
1328	159	17	153
1344	159	17	153
1360	159	34	153
1376	159	221	119
1312	143	0	119
1328	143	17	119
1344	143	17	119
1360	143	34	119
1376	143	221	102
1504	336	170	102
1520	336	170	102			
1568	400	170	102
1584	400	170	102
1600	400	170	102
1584	384	170	102
1600	384	170	102
1600	368	170	102			
1664	400	170	102
1680	400	170	102
1696	400	170	102
1664	384	170	102
1680	384	170	102
1664	368	170	102			
1728	400	85	85
1744	400	85	85
1760	400	85	85
1792	400	0	17
1808	400	17	17
1792	384	0	0
1808	384	17	0
1856	400	0	17
1872	400	17	17
1856	384	0	17
1872	384	17	17
1856	368	0	0
1872	368	17	0
1888	400	51	68
1904	400	68	102
1920	400	85	68
1936	400	68	85
1904	384	51	85
1920	384	51	102
1936	384	68	68
1904	368	51	68
1920	368	68	68
2144	400	0	153				
2160	400	17	153				
2176	400	34	153				
2192	400	119	153	
2192	400	221	119
2208	400	136	153				
2224	400	221	119				
2144	384	0	136				
2160	384	17	136				
2176	384	34	136				
2192	384	119	136	
2192	384	221	119
2208	384	136	136				
2224	384	221	119				
2144	368	0	119				
2160	368	17	119				
2176	368	34	119				
2192	368	119	136	
2192	368	221	102
2208	368	136	136				
2224	368	221	119				
2176	352	102	136				
2192	352	119	136				
2208	352	136	136				
2224	352	221	119				
2176	336	102	136				
2192	336	119	136				
2208	336	136	136				
2224	336	221	119				
2176	320	102	136				
2192	320	119	136				
2208	320	136	136				
2224	320	221	119				
2176	304	102	136				
2192	304	119	136				
2208	304	136	136				
2224	304	221	119				
2176	288	102	136				
2192	288	119	136				
2208	288	136	136				
2224	288	221	119				
2176	272	102	119				
2192	272	119	119				
2208	272	136	119				
2224	272	221	102				
2256	400	0	17
2272	400	17	17
2256	384	0	17
2272	384	17	17
2256	368	170	102
2272	368	170	102
2256	304	170	102
2272	304	170	102
2256	288	0	17
2272	288	17	17
2256	272	0	17
2272	272	17	17
2256	256	0	17
2272	256	17	17
2256	240	0	17
2272	240	17	17
2256	224	0	17
2272	224	17	17
2256	208	0	17
2272	208	17	17
2256	192	0	17
2272	192	17	17
2256	176	0	17
2272	176	17	17
2256	160	0	17
2272	160	17	17
2256	144	0	17
2272	144	17	17
2256	128	0	17
2272	128	17	17
2256	112	0	0
2272	112	17	0
2320	400	0	17
2336	400	17	17
2320	384	0	0
2336	384	17	0
2368	400	51	85
2384	400	85	68
2400	400	85	68
2416	400	85	68
2432	400	85	68
2448	400	68	85
2368	384	51	85
2384	384	85	68
2400	384	85	68
2416	384	85	68
2432	384	51	102
2448	384	68	68
2368	368	51	85
2384	368	85	68
2400	368	85	68
2416	368	85	68
2432	368	68	85
2368	352	51	68
2384	352	68	102
2400	352	85	68
2416	352	85	68
2432	352	68	85
2384	336	51	68
2400	336	68	102
2416	336	85	68
2432	336	68	85
2400	320	51	85
2416	320	85	68
2432	320	68	85
2400	304	51	85
2416	304	51	102
2432	304	68	68
2400	288	51	68
2416	288	68	68
2480	400	102	85
2480	384	102	85
2480	368	102	85
2480	352	102	85
2480	336	102	85
2480	320	102	85
2480	304	102	85
2480	288	102	85
2480	272	102	85
2480	256	102	85
2480	240	102	85
2480	224	102	85
2480	208	102	85
2480	192	102	85
2480	176	102	85
2480	160	102	85
2480	144	102	85
2480	128	102	85
2480	112	102	85
2480	96	102	85
2480	80	102	85
2480	64	102	85
2480	48	102	85
2480	32	102	85
2480	16	102	85
2480	0	102	85
2576	400	119	68
2592	400	136	68
2608	400	197	51
2624	400	197	51
2640	400	136	85
2592	384	119	85
2608	384	197	51
2624	384	119	68
2640	384	136	68
2592	368	119	85
2608	368	197	51
2624	368	136	85
2592	352	119	85
2608	352	119	68
2624	352	136	68
2592	336	119	85
2608	336	136	85
2592	320	119	68
2608	320	136	68
2752	400	119	68
2768	400	136	68
2784	400	136	85
2768	384	119	85
2784	384	136	85
2768	368	119	68
2784	368	136	68
1968	464	197	34
1968	480	197	34
1968	496	197	34
1968	512	197	34
1968	528	197	34
1968	544	197	34
1968	560	197	34
1968	576	197	34
1968	592	197	34
1968	608	197	34
1968	624	197	34
1968	640	197	34
1984	464	197	34
1984	480	197	34
1984	496	197	34
1984	512	197	34
1984	528	197	34
1984	544	197	34
1984	560	197	34
1984	576	197	34
1984	592	197	34
1984	608	197	34
1984	624	197	34
1984	640	197	34
2000	464	197	34
2000	480	197	34
2000	496	197	34
2000	512	197	34
2000	528	197	34
2000	544	197	34
2000	560	197	34
2000	576	197	34
2000	592	197	34
2000	608	197	34
2000	624	197	34
2000	640	197	34
2016	464	197	34
2016	480	197	34
2016	496	197	34
2016	512	197	34
2016	528	197	34
2016	544	197	34
2016	560	197	34
2016	576	197	34
2016	592	197	34
2016	608	197	34
2016	624	197	34
2016	640	197	34
2032	464	197	34
2032	480	197	34
2032	496	197	34
2032	512	197	34
2032	528	197	34
2032	544	197	34
2032	560	197	34
2032	576	197	34
2032	592	197	34
2032	608	197	34
2032	624	197	34
2032	640	197	34
2048	464	197	34
2048	480	197	34
2048	496	197	34
2048	512	197	34
2048	528	197	34
2048	544	197	34
2048	560	197	34
2048	576	197	34
2048	592	197	34
2048	608	197	34
2048	624	197	34
2048	640	197	34
2064	464	197	34
2064	480	197	34
2064	496	197	34
2064	512	197	34
2064	528	197	34
2064	544	197	34
2064	560	197	34
2064	576	197	34
2064	592	197	34
2064	608	197	34
2064	624	197	34
2064	640	197	34
2080	464	197	34
2080	480	197	34
2080	496	197	34
2080	512	197	34
2080	528	197	34
2080	544	197	34
2080	560	197	34
2080	576	197	34
2080	592	197	34
2080	608	197	34
2080	624	197	34
2080	640	197	34
2128	464	197	34
2144	464	197	34
2160	464	197	34
2176	464	197	34
2192	464	197	34
2208	464	197	34
2224	464	197	34
2240	464	197	34
2256	464	197	34
2272	464	197	34
2288	464	197	34
2304	464	197	34
2096	624	197	34
2112	624	197	34
2128	624	197	34
2144	624	197	34
2160	624	197	34
2176	624	197	34
2192	624	197	34
2208	624	197	34
2224	624	197	34
2240	624	197	34
2256	624	197	34
2272	624	197	34
2288	624	197	34
2304	624	197	34
2320	624	197	34
2336	624	197	34
2096	640	197	34
2112	640	197	34
2128	640	197	34
2144	640	197	34
2160	640	197	34
2176	640	197	34
2192	640	197	34
2208	640	197	34
2224	640	197	34
2240	640	197	34
2256	640	197	34
2272	640	197	34
2288	640	197	34
2304	640	197	34
2320	640	197	34
2336	640	197	34
2224	608	197	34
2240	608	197	34
2256	608	197	34
2272	608	197	34
2288	608	197	34
2304	608	197	34
2320	608	197	34
2336	608	197	34
2240	592	197	34
2256	592	197	34
2272	592	197	34
2288	592	197	34
2304	592	197	34
2320	592	197	34
2336	592	197	34
2256	576	197	34
2272	576	197	34
2288	576	197	34
2304	576	197	34
2320	576	197	34
2336	576	197	34
2272	560	197	34
2288	560	197	34
2304	560	197	34
2320	560	197	34
2336	560	197	34
2288	544	197	34
2304	544	197	34
2320	544	197	34
2336	544	197	34
2304	528	197	34
2320	528	197	34
2336	528	197	34
2352	464	197	34
2352	480	197	34
2352	496	197	34
2352	512	197	34
2352	528	197	34
2352	544	197	34
2352	560	197	34
2352	576	197	34
2352	592	197	34
2352	608	197	34
2352	624	197	34
2352	640	197	34
2368	464	197	34
2368	480	197	34
2368	496	197	34
2368	512	197	34
2368	528	197	34
2368	544	197	34
2368	560	197	34
2368	576	197	34
2368	592	197	34
2368	608	197	34
2368	624	197	34
2368	640	197	34
2384	464	197	34
2384	480	197	34
2384	496	197	34
2384	512	197	34
2384	528	197	34
2384	544	197	34
2384	560	197	34
2384	576	197	34
2384	592	197	34
2384	608	197	34
2384	624	197	34
2384	640	197	34
2400	464	197	34
2400	480	197	34
2400	496	197	34
2400	512	197	34
2400	528	197	34
2400	544	197	34
2400	560	197	34
2400	576	197	34
2400	592	197	34
2400	608	197	34
2400	624	197	34
2400	640	197	34
2416	464	197	34
2416	480	197	34
2416	496	197	34
2416	512	197	34
2416	528	197	34
2416	544	197	34
2416	560	197	34
2416	576	197	34
2416	592	197	34
2416	608	197	34
2416	624	197	34
2416	640	197	34
2432	464	197	34
2432	480	197	34
2432	496	197	34
2432	512	197	34
2432	528	197	34
2432	544	197	34
2432	560	197	34
2432	576	197	34
2432	592	197	34
2432	608	197	34
2432	624	197	34
2432	640	197	34
2448	464	197	34
2448	480	197	34
2448	496	197	34
2448	512	197	34
2448	528	197	34
2448	544	197	34
2448	560	197	34
2448	576	197	34
2448	592	197	34
2448	608	197	34
2448	624	197	34
2448	640	197	34
2464	464	197	34
2464	480	197	34
2464	496	197	34
2464	512	197	34
2464	528	197	34
2464	544	197	34
2464	560	197	34
2464	576	197	34
2464	592	197	34
2464	608	197	34
2464	624	197	34
2464	640	197	34
2320	464	68	17
2336	464	85	17
2320	480	68	0
2336	480	85	0
2096	464	68	17
2112	464	85	17
2096	480	68	0
2112	480	85	0
2320	304	136	17
2336	304	153	17
2352	304	170	17
2320	288	136	0
2336	288	153	0
2352	288	170	0
1168	288	136	17
1184	288	153	17
1200	288	170	17
1168	272	136	0
1184	272	153	0
1200	272	170	0
640	288	136	17
656	288	153	17
672	288	170	17
640	272	136	0
656	272	153	0
672	272	170	0
320	272	136	17
336	272	153	17
352	272	170	17
320	256	136	0
336	256	153	0
352	256	170	0
720	320	136	17
736	320	153	17
752	320	153	17
768	320	153	17
784	320	170	17
720	304	136	0
736	304	153	0
752	304	153	0
768	304	153	0
784	304	170	0
1648	288	136	17
1664	288	153	17
1680	288	153	17
1696	288	153	17
1712	288	170	17
1648	272	136	0
1664	272	153	0
1680	272	153	0
1696	272	153	0
1712	272	170	0
112	288	136	17
128	288	153	17
144	288	153	17
160	288	170	17
112	272	136	0
128	272	153	0
144	272	153	0
160	272	170	0
1408	192	187	0
1424	192	187	0
1440	192	187	0
1456	192	187	0
1488	176	187	0
1504	176	187	0
1520	176	187	0
1536	176	187	0
1552	176	187	0
1568	176	187	0
1584	176	187	0
1600	176	187	0
1616	176	187	0
1632	176	187	0
1648	176	187	0
1664	176	187	0
1680	176	187	0
112	32	187	17
304	80	187	17
336	32	187	17
368	64	187	17
592	48	187	17
752	48	187	17
752	16	187	17
1104	112	187	17
1264	48	187	17
1360	32	187	17
1392	144	187	17
1456	96	187	17
1488	80	187	17
1616	32	187	17
1680	64	187	17
2224	80	187	17
2416	144	187	17
2384	0	187	17
2448	0	187	17
2112	112	221	17
1920	144	221	17
1855	80	221	17
1920	16	221	17
1728	64	221	17
1216	128	221	17
960	64	221	17
832	32	221	17
256	64	221	17
256	32	221	17
224	64	204	17
288	80	204	17
608	48	204	17
672	16	204	17
800	16	204	17
1184	128	204	17
1504	64	204	17
1504	96	204	17
1952	16	204	17












